48
48
34
37
33
31
30
30
34
27
33
17
34
30
31
33
21
35
76
88
63
46
24
11
30
84
38
35
18
22
26
15
21
37
27
32
32
24
29
32
34
23
25
20
22
17
61
95
64
29
19
14
15
56
93
82
8
131
67
15
72
19
23
21
24
39
35
21
18
26
17
17
14
15
15
71
7
12
6
4
43
125
104
12
14
54
55
49
24
21
21
17
76
20
41
13
17
4
10
18
16
17
26
7
12
16
7
6
7
32
9
8
6
10
11
2
89
134
110
62
48
35
94
14
7
5
74
24
9
5
7
6
28
21
17
11
1
13
11
9
8
13
7
8
3
5
41
11
6
9
53
13
15
13
13
32
35
102
49
3
88
51
25
45
27
14
14
34
44
28
31
38
31
82
17
31
12
18
28
31
9
25
25
25
17
15
11
11
3
15
15
9
15
15
14
16
28
2
28
17
31
18
34
13
35
34
43
42
42
33
35
7
20
31
33
29
33
26
28
32
27
27
36
24
24
19
16
23
25
28
18
8
26
15
13
22
19
20
24
24
23
9
20
24
19
21
23
28
25
12
21
15
11
11
10
8
6
4
1
6
8
8
15
23
139
23
8
16
20
25
18
21
7
5
140
135
114
44
33
33
139
32
58
90
55
80
69
44
11
53
49
65
75
16
13
13
18
16
18
17
13
10
11
72
72
23
53
23
83
75
54
55
92
10
9
7
11
10
11
11
11
16
7
12
11
135
14
23
21
41
35
25
22
14
22
56
7
36
29
10
65
120
139
22
39
144
121
12
89
76
82
73
63
5
70
101
50
74
26
22
24
31
33
22
21
17
14
14
12
21
30
23
31
19
12
24
14
26
15
18
13
20
21
17
24
34
21
23
26
19
11
26
20
21
22
26
14
13
10
1
48
22
7
55
15
108
24
70
18
84
84
13
16
11
139
15
15
24
29
26
24
31
35
30
24
29
35
26
33
36
38
32
30
38
45
52
31
27
21
21
21
20
20
16
8
8
17
71
71
31
28
32
30
19
28
15
65
53
48
52
48
56
59
26
21
48
26
3
20
24
19
46
138
51
64
73
53
10
104
56
7
54
29
28
25
22
23
23
25
7
22
8
10
4
15
16
14
15
21
14
10
138
13
20
20
25
26
28
26
23
2
24
16
27
4
32
14
30
30
24
15
4
139
19
47
10
29
22
112
52
100
61
38
22
22
44
99
18
23
11
135
135
135
57
16
30
32
17
17
24
21
20
12
16
15
10
88
73
66
37
35
32
18
16
53
61
136
136
136
136
136
28
74
62
53
49
49
35
35
33
39
29
23
10
137
37
36
31
27
21
16
6
4
100
140
7
13
14
113
9
13
8
18
48
3
8
136
42
7
16
41
16
17
19
16
19
19
19
19
13
3
20
17
13
18
14
15
16
61
38
4
9
136
20
135
13
120
85
27
43
78
28
43
40
37
35
20
15
12
2
50
15
122
16
57
17
20
50
40
50
12
15
42
42
38
45
140
140
140
37
15
16
77
15
11
15
13
15
17
15
16
14
10
10
8
3
21
21
22
13
92
38
109
21
43
66
113
13
2
88
118
6
10
11
64
10
2
5
11
16
71
59
21
24
57
75
44
54
15
13
19
16
1
11
86
71
47
16
70
68
6
64
10
11
106
12
9
13
13
13
8
12
12
15
15
16
15
17
16
18
83
120
18
22
57
29
39
15
127
14
21
2
17
21
15
25
24
13
23
28
7
8
21
19
60
139
63
65
34
2
6
11
18
25
5
17
25
29
58
54
57
96
96
88
57
25
32
21
28
27
11
13
2
85
16
20
15
24
13
13
14
10
8
14
3
28
143
52
73
133
43
31
46
34
51
70
95
68
59
17
92
47
30
18
18
20
16
9
37
23
29
26
23
15
23
24
9
14
13
13
12
16
19
17
21
5
57
19
45
9
115
5
93
29
34
33
11
10
7
17
17
10
6
13
14
13
12
14
14
26
15
18
18
15
15
127
16
40
14
17
14
69
58
20
7
22
31
19
22
31
38
54
35
26
93
16
8
45
15
23
141
14
16
19
19
39
19
27
24
7
14
14
9
16
10
16
5
9
11
9
12
13
15
14
18
9
5
18
140
18
19
13
25
30
25
24
134
20
22
25
24
23
31
10
20
34
1
10
10
10
11
9
12
11
11
4
13
65
64
34
23
9
8
15
19
14
17
27
25
50
39
20
20
14
64
20
15
8
43
142
13
17
30
23
19
13
12
111
28
41
68
68
110
9
16
23
43
8
26
34
34
23
23
3
9
6
39
11
20
39
39
39
32
26
21
5
5
124
50
50
129
141
128
52
54
108
92
19
14
4
141
9
51
83
4
71
26
39
31
11
82
29
14
13
12
12
16
6
24
24
4
4
52
34
2
83
33
12
13
14
14
23
18
14
13
8
53
53
12
42
76
45
108
55
39
14
19
22
19
48
42
21
10
10
20
32
44
18
4
9
15
51
9
132
81
7
14
17
50
44
5
26
18
11
4
18
116
115
12
17
5
10
19
28
16
21
21
72
30
34
2
34
8
10
12
8
76
9
12
5
14
13
4
9
13
9
34
13
17
22
13
14
15
15
18
77
46
19
38
11
13
12
12
14
8
16
25
24
24
21
28
34
41
43
35
34
17
136
87
13
153
13
44
45
86
41
4
130
14
50
9
73
24
75
19
66
62
6
85
142
37
55
56
10
15
16
15
65
20
137
57
54
53
53
65
76
46
46
40
40
11
22
60
12
5
157
94
83
94
92
41
41
22
18
16
28
62
49
49
47
8
17
9
47
45
46
28
12
59
7
13
86
13
70
70
28
43
40
31
14
29
30
131
108
74
66
21
113
20
48
42
3
26
20
151
146
44
21
90
14
11
125
49
141
62
155
139
80
35
83
14
5
9
24
28
28
18
23
28
24
33
23
37
25
70
63
64
98
46
3
10
11
11
12
10
10
18
8
4
70
59
153
104
115
10
13
11
23
12
12
11
13
12
11
9
108
21
154
138
93
32
141
13
11
6
19
19
78
38
34
3
11
2
12
17
131
28
23
20
7
5
4
6
18
18
16
14
14
16
19
23
30
32
12
17
21
28
30
39
25
30
33
36
32
36
35
33
38
38
34
40
41
48
49
50
53
58
62
55
140
105
48
17
16
17
104
13
12
132
5
7
9
7
47
8
4
8
5
3
6
10
2
8
54
3
11
15
17
13
13
73
13
15
14
15
9
10
19
21
31
35
34
10
14
14
14
10
10
10
10
8
15
22
17
11
23
155
84
82
73
20
19
12
5
9
14
20
6
18
20
21
17
25
30
30
23
24
24
24
18
18
16
26
17
16
12
22
26
30
20
29
25
27
22
25
28
23
25
27
23
24
18
16
27
18
24
22
26
23
18
18
14
12
12
12
10
8
6
7
7
4
4
67
9
19
19
17
17
16
16
16
13
8
10
14
15
42
15
15
16
66
62
87
61
30
49
29
29
29
20
57
16
13
10
15
18
23
26
7
90
20
16
51
81
59
5
75
41
89
9
17
90
25
59
30
33
22
54
27
33
142
27
103
66
103
103
103
103
5
14
8
4
4
4
11
11
12
17
29
18
14
138
69
43
44
10
48
20
4
135
142
32
95
85
157
87
33
5
53
63
22
13
13
27
15
5
149
16
67
92
85
57
14
17
5
8
9
10
9
72
14
84
87
119
8
9
9
9
9
17
17
27
15
10
75
6
14
85
97
38
6
78
130
64
7
2
6
12
11
13
15
13
14
14
15
13
32
30
59
28
56
20
26
21
7
5
4
3
3
6
8
10
13
13
3
5
15
13
11
13
12
4
12
14
4
17
18
18
7
10
13
15
17
12
10
20
23
15
19
21
26
15
16
22
17
19
24
32
12
58
21
14
13
2
49
53
62
76
7
13
21
74
33
44
18
13
43
4
6
21
4
26
26
21
20
21
21
27
20
26
23
24
29
19
19
25
19
132
28
33
4
39
19
39
39
39
39
36
29
21
9
6
2
3
9
15
13
13
24
14
17
11
13
5
14
16
13
15
14
11
137
41
27
9
76
64
69
55
23
41
35
11
4
26
1
13
12
10
6
112
78
104
85
32
39
41
2
2
9
9
11
9
82
8
8
8
7
10
12
11
10
15
11
1
51
55
64
26
26
20
4
15
13
5
8
22
6
6
12
108
95
91
89
84
83
61
25
95
31
83
107
51
155
73
67
77
128
119
69
136
98
44
8
68
19
12
9
93
138
53
139
139
23
65
10
16
21
22
4
8
24
21
28
10
13
21
37
90
67
46
13
69
66
97
84
46
34
15
15
11
45
9
9
2
70
136
8
66
66
25
13
13
11
11
11
73
16
96
8
9
12
9
9
8
6
3
43
35
24
28
3
3
14
17
10
32
39
2
12
14
11
28
9
11
14
9
36
36
29
47
156
43
89
126
84
84
57
35
28
13
26
155